===================================================================
Matrice d'adjacence du graphe
   	0  	1  	2  	3  
0  	0  	1  	-5 	inf
1  	inf	0  	-3 	2  
2  	6  	4  	0  	2  
3  	inf	inf	2  	0  
===================================================================

iteration : 0

===================================================================
matrice P
    	0   	1   	2   	3   
0   	0   	0   	0   	Null
1   	Null	1   	1   	1   
2   	2   	2   	2   	2   
3   	Null	Null	3   	3   
===================================================================


===================================================================
matrice L
   	0  	1  	2  	3  
0  	0  	1  	-5 	inf
1  	inf	0  	-3 	2  
2  	6  	4  	0  	2  
3  	inf	inf	2  	0  
===================================================================

iteration : 1

===================================================================
matrice P
    	0   	1   	2   	3   
0   	0   	0   	0   	1   
1   	Null	1   	1   	1   
2   	2   	2   	2   	2   
3   	Null	Null	3   	3   
===================================================================


===================================================================
matrice L
   	0  	1  	2  	3  
0  	0  	1  	-5 	3  
1  	inf	0  	-3 	2  
2  	6  	4  	0  	2  
3  	inf	inf	2  	0  
===================================================================

iteration : 2

===================================================================
matrice P
 	0	1	2	3
0	0	2	0	2
1	2	1	1	2
2	2	2	2	2
3	2	2	3	3
===================================================================


===================================================================
matrice L
  	0 	1 	2 	3 
0 	0 	-1	-5	-3
1 	3 	0 	-3	-1
2 	6 	4 	0 	2 
3 	8 	6 	2 	0 
===================================================================

iteration : 3

===================================================================
matrice P
 	0	1	2	3
0	0	2	0	2
1	2	1	1	2
2	2	2	2	2
3	2	2	3	3
===================================================================


===================================================================
matrice L
  	0 	1 	2 	3 
0 	0 	-1	-5	-3
1 	3 	0 	-3	-1
2 	6 	4 	0 	2 
3 	8 	6 	2 	0 
===================================================================

===================================================================
Le graph ne contient pas des circuits abosrbants, l'affichage des chemins est possible
===================================================================

Tapez le sommet de depart, tapez 'sortir' pour finir l'affichage des chemins et passer a un autre graphe
Sommet de depart: sortir
